hundred = (100 * 3600) / (9.58 * 1000);
marathon = 42.195 / (2 + 1 / 60 + 39 / 3600);
