y1 = 1000 + (1000 * 10) / 100;
debt = y1 + (y1 * 10) / 100
